20709442616086957643
34285017742434391657
24756321210684687553
29272496247329466919
32456151536479969061
23367726660188006753
18633739734382454839
22753851531993611147
33694402105698460843
32878096759202419519
30848960295359394403
32300480731959480563
26672859873693445109
19516025128920764677
28460183172061469347
27578413096844185211
23692850391615564763
21761721950591831603
35160878891681431487
22349294816975728339
19691657060907968011
20112281258882858081
21810379166657651093
33032846381068120183
25365082510723133489
23910974307835784383
23233883265789360881
20363700014963935913
27731626651437678019
20438554504988297521
34208747329225645049
22678972473993161449
26242766457845196433
29629646466673209349
24103944523827198073
34323427153138048459
22918356493707908917
19899611440461125651
23164629058487796101
19106103825850046261
29584747587257040071
28829413332809391559
23364352088574329801
23299525242927843029
33266463583244549807
28341930162266008517
31926820732093236947
27157605908276165081
33856397204124447691
20812977013625325979
29453330625115016773
22645113537805381067
25998016946703142823
23676483888854839333
21955948609884912691
27606417517173774869
19741249894681732091
35304075819562554503
33926988804220691219
19391341077423167563
25288349160094082341
18456877105684524007
22070661090730277951
23635341975696990757
20303394473283077161
26378356761661727639
23361059358110949637
27606347461599617611
32101966447699466317
25612458311579537731
30071673794003478047
26312287596874348903
32007739577512699531
18900038249115394739
34249008648279317443
25330682515875472499
34538880066674250011
27716259826064953181
31577545985065262263
29280020091111363779
22873281380605962109
30065833657125647317
32305710794581954981
35114745176904601661
25261537087085256827
32697962804791084859
26327848799826573191
33391399005224850883
26837173335889808123
19424159240369758153
32297401207813285507
30131760431811345413
25270947443046307529
20899257423763165537
28048512102870245369
20794368097612900337
29116007142508835947
27151835438822219197
23036398029724792589
28925920140039609359
29040728537162727991
22700516020035061979
26659341523845449141
25166003643882939659
26873790560871118567
32803365563750877773
24183748805920152329
25888282139031885619
32286097223205144653
20038615385581750367
24721934548169628241
26925560164944550553
32567991879603620641
31208714462260448147
19116002053840039219
32416956227708261137
31755370664087284241
32705834021521857877
28319693171348984101
28683544257533915089
21706328513043466151
29356377009174238393
27390425946160099843
24311540422904890973
22138744981025281967
31858251329395183769
34049891211338391689
33556680534358556287
30721481320205321213
25903805269389978323
22914399128850568373
31258091868331530427
23563171896874419703
20120275885125512693
28017076905083004989
35424590031133322933
32818624366944206387
19378775988489778001
36265500396348945343
35059814903305513333
25892330785301132303
21185898616992907949
20374182181820406187
29712651637317561739
23048328861632344241
30176770309136871803
25039576695987917197
25878910572885509309
24740674678830946481
36756983322818590229
19431524840531627711
35485883042450322343
28279442130282308821
28035579843158968391
35689882597395201767
36747181046932885973
20395405228444730317
20211930459307825493
36638001927123081587
27991505942715186611
34717251943022551373
27194963125115364079
27075228093673302793
31205631233048879027
22355713670866078493
24183696948040596479
35010876680252332789
31967742503417026991
35121023664415679377
22925888767214005169
21461692608745449883
34794641211937859251
20546899548258142723
32591267900580384467
21045220359978065047
22144019003720609077
36617285896729409657
29590903530797981033
29511486512012261353
19418211272858763403
34281057293819207383
29219668834528396921
21410595510115370341
30161530024721691439
22937115587967885281
22778514326439304117
29311706593241897603
36008020116923523289
32916722728810213067
22933423909868933143
30618688520392157291
18543506028133639411
30775450507575822119
27166513060322246357
23291001908155474393
35218630509293234189
23107583821175203211
33383105677955768639
35134889063071097257
29080329232461279011
28759171122932238799
29139350585541843181
24715256335851297917
22553988198265285387
21931726191564656993
33973184760609161399
22622000685568991407
24369793506525429661
23377587047878583953
32070199924963169353
22961903426215045339
23443508481816955879
24388260851013493793
30093763481696775199
35081791967001070007
32203383706530334789
22115218214764061141
28129558819219877633
34460096879287590587
36861840802862051209
30264269195074558223
20140362839378050823
27388200397877903503
36094484375317035047
24662542969887741197
20369512146777358003
20032935639990643529
22771277411512763143
20348056248142545893
30918145584032805431
29478610762378616717
32239479852017102153
32989276047719103361
34007170984344284189
26385797368667980361
19136754719424585169
34207223148478172957
22968260320172892359
28142009944058590631
21408559847118319639
32500771269643538363
18473979988721358263
24931747667186790821
30088532061617364029
23493435763008742943
32389429438865529739
27084424863056802013
22367179217961124691
28959981634252342903
36459625499065172561
36069605333987741767
20663313193005797687
36615728363091083977
26749679452971437483
24437864764675573241
23484348664663728977
29680913750356230749
24981313681890504317
34669331165276557307
36252204131156604523
19414397962297157363
28597755216976229419
28686777827581850281
22478811512021489827
35239392628662437291
20297935503538116427
30427520788576966039
35706036745388652283
23212668225254015341
26232993702817343089
34443267794787676009
20299794779610687661
36054523023021577147
28576723270005088097
20504286207998020853
35373613302864782027
32039231291068280849
25325083796262854551
34503577996127130859
19000255924539238213
28479653749927996331
20033439951060992321
25948904767829873551
26947809946781767319
21310859904228451307
25682123252304675133
25380031877068770247
26278947515451234817
27738188430338828317
20282097907474522723
24158252148898842523
27880587961954748929
34662212215226331781
32387130098059189793
30444735486413212409
26168693869145318353
32828943199547287643
25678597622448296311
24764229972211970203
25026448900496077709
32818439215467967969
21916328865028019441
25207913856738611279
31427923993507626839
31694385935079042913
18987537552519526693
30751590423992708227
25893306390569543087
35764313350314987877
35975817735674456581
22806544824393223727
19414590586226539817
24429917850970616969
28767310477030710997
32355816737826873989
22422397026395220191
28078193805026336693
32639983550271604807
24419767042810778809
29376204221784308183
30416628587902099651
36636136837415911087
32632015617593978921
32670348484539127423
33388115344057114237
23660910605352470161
30126617935072903891
18763477016242652831
31934197516572451579
23395879717096664039
30630275099929706477
36415671267057970369
25924434207949136179
30614252737050852619
23898408503154020683
29248858247728385197
28659798787017797933
36741622767321560119
18614629265991204059
24017568698308165817
32080647637082879207
18750806488958541589
32314984513696392407
32817621929019509299
27122700502189375493
36218210476540880017
19294379929977513173
20087201083660179919
29947992532389966449
28553396039937163909
29827687909966081517
20029277201407818101
25091303052138181213
34706627984870155121
30907390425299964941
31144341410461075679
23659857503987720599
27088945259524836599
26856942271621540361
32907956414220547771
34114139645504520073
30838942598754293831
36121500869759513869
27477844976801080181
31671477183623370959
24448777328184786671
30265135039958421599
21090631419516477997
21037569910465216111
20981271886562229691
19184707612043404369
32255669384615145899
29549811242390500067
22325839491249467713
21418450101358914917
35649802150535728693
30526582448385309031
33488660967853201403
29115159900008424071
19817510601283375303
21648014562014738141
24307210729972927241
32789201046780524309
35142993877526456767
19193893171347479471
24208075982895488293
18708581166145612219
32273424385094861459
20782832170049900381
28599261276477217913
36693813050949779737
36511361535512195351
18779371418765413837
31647080430154616659
32029596695917451497
29369224594051255649
22456391095558935733
20173957923371004469
25598419315832348971
31178919463568561099
18778155738813757679
21327791205380090567
28147088091031975493
19369805817561124999
24215401198295858923
18806247837607176889
22828725627157540163
36409737135239798893
31940530265635571051
35649209902151158669
36652664340069126179
35815941856779615901
19443861381420285461
19504061105637093317
23084174711841825467
23979253591231164241
32556543345595281317
27273362854387854641
33408792474897446231
35147444153852069419
18479613804673813097
23011365606871211287
31584225305432440087
28811433056536088411
32935557342147632327
25711180090565201933
36459383422550618701
25965158326595075087
22364146513380693041
21436692646139469031
28170913409675151517
32814608055294425573
21043008407401951433
36592040464906911197
34848423675339557617
36384084746334209179
33280246839699070483
27564105706546863733
30818624894860278713
20291142735194518879
25273688708189448229
33747988326668767777
31604851197363276827
27609342894991461229
21536278721372253547
21362432200601852719
27765670767333169999
34243545993998553391
30065709760348163821
22713226844398198039
20510236366466142497
18768538802226390269
20600484096736032409
29801486366175387823
19665887016438326863
22043056381778823947
25847993662908843247
28331800568407753969
28302249723784706939
21995032190257768487
24162079708546152911
27476916078491708329
26718070705476108379
22511095437475397317
30984531543340860389
25413514935167147303
29769209905301947187
24975539109688644319
20308863529787807629
22594491969911051881
22892582546730271399
26552149327938050261
23356753952172352277
24398395850778564431
19854265222000886783
28189130486863939361
24059969123059661801
33024414781256396681
32869132147220568769
36774788728221899027
22724965008388779701
27912625850422187419
35371363817156945783
21033711137865437359
30865542293261989543
28318813841827429651
22045670419363493179
22594080413010097577
25076457086233644391
19959795305737655689
36420135196643109467
28006310128003383409
33451492750726583957
34831942312532993791
33109831711180025803
20757945809973558091
32506472298758518523
26165372978365973549
29679038873370859253
30065637121482719837
34179175537138259989
23031180974391209563
33072470078395390271
24724068314805186527
20467572448278126089
30795679844391775141
29782741583786019343
36654422562735719887
31828840402009425881
33498650124398596933
29932958012084418619
21610902278590911757
19190632190704519379
18454095494593735441
33099913859749843819
36585880949603207777
25113603297986393963
35733002601313132499
30736814303372992099
34942884662745140087
33751950325627991267
36354918868070090131
31112575552214431831
24222063081824803417
18663501732608254091
25828249962348407683
36112121812246778377
24828158704371619199
29495816879454913153
21266583361365792643
28127279554311731737
26172688252184748947
20930914891863375341
30737479081613985011
26305556552972081263
26473589914601144461
25057741621196762993
28113528622806058181
31701650072755749157
21051749241577859237
25401758626775386049
19830711463617112633
21280331863152510949
36429484563485050777
25838962585763272691
22212876789363417041
30267852650816461477
34403634715703335933
23790305128679244187
33386423499088816393
30335388150889415719
22796374014651739429
34568065589610479131
32731294996373270023
24626874064343263703
31788646603557219917
22587327614431606867
21536461782295494077
23489815336931033737
23509905745176419593
18951664622994990967
21376651830706585247
23361057106818252533
33456489502851734051
33940942173085270003
28069942543597443911
21478115989374383459
33706906249429105223
21067543241646945623
32961055623581931289
28008430889736566677
20729609451028871983
30680414986217219831
26381913222867187217
35094297562404998273
35244072643586820031
28249122815298510889
21176428458579619249
26297655796639173407
25260460353355383043
25923642721230486619
35972614412619888533
24692586063035039801
30294421883897922397
30393110583139866599
23174681872036666073
35889615650412677327
21084007754938052789
26106280656397441193
21054628647112226687
26201038856045431603
26964811117953532013
18509231252172617443
32439449204960262629
29301548928477497527
28352180661141063073
23308634103047636911
19280693620136052037
30290266386220154591
29851703838900238241
25474745375831583443
28789785721981926743
20992599192681269411
31709444520159892399
25823498062476790261
23074529759354584937
28248641699385823231
27366613826914993117
34955130063837039313
21696413871179036239
29751732623225436883
19223322617707348069
30644185656381116311
31975856765909246161
34153499940239269591
22952714636400503219
27817282608438812327
19892387047758422047
19856421520865160863
34013692056780736067
19050878379306854449
24902835718625041633
25929896815449478471
25015457255497716593
23997064921805846159
26878254920960049643
19980487507721529707
30218767504035121309
33254359883007593149
31960851481629306721
23801210458639061743
18900846598859386081
20223165701727910171
19348222731018418663
26418712001196647063
33351421652572593211
34624377543719364263
36101035485625322369
34529775631944031969
29445334873676843843
35969949683651920921
35228831855628007397
22400726556670966481
32959911803043319891
19415607429159653003
33929594744300366437
23487194659088232643
22564642166033893201
31400069617875886969
21297376850457163609
22085832367638532319
32540435582074168867
18754532158913254027
22457225537697557603
23737545987438290731
33289112117363163323
29533506286837134851
21935530667561951929
32818090966742687299
20988570378945062623
30613364963489831363
32576082255759598289
22638941488557801311
20609330838415131649
33584810877653638243
29725797714704742667
25505587055911616161
27908609225661598991
36190512602056128763
22842933307087719239
18449509650915931663
35048606322409294729
22569134191917716317
30108101991528416893
26847338043072453199
33654429931664151257
32590066940519583179
20544569114764274407
26210634776133318103
19908980223685770667
29036144368662640159
20513034363344306111
31452324212304671873
34951371947296398059
31433902728447100697
34998979300110920851
29158159476622890979
26511390092432414899
29318645189019974819
22894358870445692009
29462345055880702639
34354230614375805379
36385278675106259593
22389557751530179841
20004862245540698711
26097061638858993203
33837744684926672387
30419503071956129011
22388095936320619339
24816668177433036631
19473879163987335421
30294826437948149669
28801910222224327813
19318788824215158163
31514336151129388241
34158188202320195071
22548600318597300989
22355060521158056807
20915788363734256451
20027816178962834059
23746774010701966451
35619560751990645931
18900540672851299529
20144706612725303779
26493641961784331129
20520391817554359559
21586366354175985809
32741956533086487241
34588440938098912457
21752067886222624507
25874100276590172283
27668309146079846399
35332364762776219301
26012825286493694107
21956377517271677371
32994590685052775243
33893778187229034563
21441054184019151181
24987186561133462517
25713577522149333931
23015815106765044171
23865628064163430483
32926208638176188689
25775439074521050137
31144363480462127321
19353556482886006319
33216881325031877107
35960673782880291593
22223126707124455417
24735262793540895707
36743116145377830031
28094468153758075763
30017305723119560249
28640814088320472427
20065524430843748173
36552278976551825009
22075035946125373573
23958069705307476139
35874858540423746731
24280497546675202793
22401623276266342429
22754924014376007413
25863455412782715347
21702123275422840171
30570259594087327889
23836257187354070377
27015362233226400751
29191019275024524539
31973660498413955023
22236768619720439867
27640651628557126961
22791991380058670047
32945302748354253823
33463555329162667369
23352375114479814743
31840414612905029267
21193045483614381229
33832050782222127373
23577659765774714819
23479740680047870627
20343984016255208033
29984031361823007487
33680311009937135881
25803322258615757903
21152218752745837751
29455280267612055289
29337035403188771257
28874125441463126471
31054643427634836689
25249848273382605997
21601937503146421523
34555577033798273009
34742884721220902111
32434479894121933597
22535254148276257403
28712574098079988643
27348813158593336337
33748534898419517809
33004951721502310987
20083746230471794033
31501399923522410291
25132252019217785021
29574959933648439923
30277293532317014773
30200750197106088833
34826763824159079859
34239421521462712873
29735274698945539931
25937318413792596773
21844484018184695239
28769562214676822509
34106617663528116691
28346617501342751929
33155237967273145751
26609407181687628169
19753729282985835673
21661703598778308581
19739615820404957599
29100693415808334077
31714147232302754363
30669791778413294929
21104041327815309667
25857691504691004037
31487041433102897533
28406064271913672419
21219320382514739473
21788555438060704129
28187098504341217801
22998004289954729573
34193735458885554763
35592247237018684843
31672125613131906953
26451532437682486333
29270492423565955091
29695993733633873131
34074294711688460227
19604152220201955403
22833138259112772821
24830529949185546731
19800003397996135759
21126255497604957853
32141318413986688463
24768828331783651589
32444103254367400691
19149090475791892087
33262711834715982893
33291314026398170191
29661238661829302587
23666368257086016851
31735257320318510713
27635536852019706173
22317417347885409649
31401754859247801617
29055186692355232847
31823940939549452591
34601399616845598029
28378770762079883657
36374662546173877129
32990813772391106059
27761285731331983679
33249389941726508639
35520986165271110869
34293077596245973517
23966563611481066781
20122619739813062579
21864397225906619831
26206149626961000421
23981463653070322457
21105995788544388857
36593082739085799263
27215816184442047803
21911631366442166917
18453410066210499313
36475378538378202877
22438821179299707811
25031943847882203653
22441154310862826093
23790578003606125739
32891445771392336669
18812013427731125879
20531452276443066529
28520747940845917111
28553722933889355599
35479981881313349089
29454362923577518981
25543831586806698103
35281636607119732273
31253616809091360979
25328989156235590099
21179604640412039207
23792480688678424747
29829457015642531333
33724176600276171071
28204260822247855883
25059719727901133939
34317800829572013797
33881991867806105579
22444184165911974143
19400894618807906933
26568770895075496127
26372307543458248457
24124986253693941257
20189027538499064429
30755459692533960283
22644194670490576961
29663641300179069583
31295014317785134249
29737805925184188389
33553469145622094407
32924903314139598049
34107505956228724319
20655429498067445299
31756405052906098681
23460910812481546721
31591552037091456583
35928861211090721353
18862673268627810851
25389910041675188459
20280786586863477449
32178538402192316437
21326801605698437351
21077723316198207509
19209566140678838633
28030882734477056891
21861788971506047899
34519652649570986537
27087679268894584663
20196519400411399343
22236398660436490391
20108718991265871469
33512960414034230011
35875317471952951483
25078959919204592581
24604577691813421223
28966124393401980931
28780492053462815767
32533462737957898523
30006853521656526409
21285789011986100111
20852924569787781943
29627961593874947803
29813767450454368037
23547796179884700809
31037580955262094341
30554626570208019749
20664814301627609609
32681815435780166101
28617446262802769293
36559542495739419707
25416077388491955019
27872005080748515901
19384003243105501361
18573700981437219767
34964798096788851649
36350178157806499471
35098860908297978531
34635911406341827063
19662651475281925291
33488977440922934383
27946444053843827069
35572964926292466923
34444668046347412379
24219238980595506481
26312360096122390711
23600627509964618489
33824173238861323349
21238347050398236547
24044834108798580463
22249216897915664521
23597987057298005201
19993686502632333371
32300092952002763773
24387326146124243941
34875213394597527031
24892077675927387509
35714649768692393501
30095689691423206069
29556757354524936413
22994418485650897501
20163164298423241747
24682126940254135109
36505673169416399639
34641813155805720869
18793839700433434919
36032941627044967643
20634769763374331183
22589747972348664521
30509072549277504409
30122937295811947283
21274373995817118199
33675128047321551493
35239604240420150993
22340535743777053967
31437411428796524929
24607289241618521377
26249495383660435433
35054825883206658539
22243605612056562869
31980436497687154739
19739319291989716201
32675689897822678783
31770655691087124137
31774122972720192173
30614038989120987683
32623686410766648917
20329068334157086069
28728194838698233679
28518668600856917051
21538916978447519011