1008199
618083
787771
846577
775513
949937
931921
613733
702101
685339
979031
1026521
1003817
907363
629989
835603
610543
596611
597451
931199
633091
1045123
691297
1032853
709433
761561
1011961
918257
921913
988459
632353
748339
829223
921517
740483
753983
552353
593869
626191
710663
703193
988367
539713
639371
621611
551539
543281
849649
851327
770417
730867
532163
539501
693739
696427
776557
796699
900973
979313
825049
1030213
623633
821677
548579
616219
874831
1004797
945391
988459
578453
979819
1043543
601067
924361
708041
934403
526837
935603
866101
658979
765379
545087
704059
776563
814327
865871
662527
911437
770557
689219
652343
637691
1030919
993283
1031549
743059
1019657
694349
747599
676981
950993
957889
710627
524873
749711
605893
547559
821147
590657
604931
581597
810539
838601
622927
949471
905587
733849
1036667
622997
1001911
652741
947423
672577
1008247
622067
924173
1041869
889703
1015603
854159
876137
996631
562577
676919
763879
627227
816941
828449
838561
831913
886979
768371
816859
667441
872611
570071
539993
835831
554731
555823
911233
634603
883121
621697
557027
870433
864361
856213
738173
592853
619583
525017
1043521
871103
1039897
697691
949607
564701
542693
785377
939317
784109
999529
821827
719791
712301
725507
535487
973057
609233
916961
659299
692983
636721
856081
575173
695441
746041
637349
945907
884573
916121
996403
913457
575581
572777
1045129
973187
550471
690341
994471
764521
527353
634891
847697
949043
589591
688531
1025561
887651
992179
700079
857039
765767
640009
1032131
766373
704219
798089
992263
955261
941813
675299
837283
744977
883627
740533
541349
785249
724733
721703
637139
947183
810503
811493
696149
927373
618859
1039553
607307
685717
648763
555073
636193
753721
547853
827539
991009
933319
831697
692513
926087
772949
771019
730237
930859
876581
654209
681019
799679
766361
533089
950557
668803
1017323
646823
901529
599603
611729
872107
955511
897907
757903
681673
621869
688477
694349
992863
714991
815491
552899
695939
679747
904781
801551
968831
601889
1023163
863287
559633
931709
713117
997201
1028953
1040861
914521
715681
761203
527627
824029
892757
986851
799529
657313
590741
633287
624791
544001
824683
758203
536849
760367
1020163
559939
646823
539389
592357
909061
944179
666437
702983
788009
575651
674461
757271
740989
737411
923501
843553
808261
983863
804913
620161
990733
868453
736867
744511
840863
745951
717887
546661
1039307
746533
1046977
882719
769411
525731
744859
594899
913981
708053
1019827
749167
622247
761633
857743
970861
650627
533089
973789
906679
693571
988951
834311
761207
958901
525241
886019
988963
696523
685747
949967
558029
605849
779993
995167
1004209
569419
689597
993233
795023
766721
1030111
584399
770449
837283
756097
537599
791081
665747
758231
693527
928787
908321
1016201
636653
728729
790589
673487
1035869
850147
1044443
839051
878851
554269
604619
928177
962009
951029
658303
556229
661259
812051
601631
843043
723337
531989
601147
560803
768013
934603
745037
591881
972533
563413
907237
1014743
702239
550969
890111
652931
775811
777419
666979
915203
860369
968141
703033
1019411
606943
704161
936097
775273
917927
655283
604649
842417
587149
842291
991621
704797
844757
615557
830891
641479
550447
741781
558241
558643
884227
766531
752503
669847
1025503
1035869
937693
971501
549257
572581
918683
817081
703559
579629
1004687
1011163
805031
916837
972079
548761
721169
557903
1029937
580919
910577
789673
623279
591067
999359
917291
682361
722159
742057
677147
874337
951959
887291
789683
695059
995801
568723
860789
862567
731567
605789
974009
817919
763043
942659
540559
641521
977539
999233
663713
1009859
923789
894643
683149
623681
1044097
729557
798331
604753
970967
995941
585653
641419
1010509
751567
953261
921287
948973
955183
1025093
766223
691399
955441
625409
530261
772859
730237
531569
796181
677647
595687
998377
823483
885487
527237
852851
941947
645149
648509
782501
1023697
1047289
977927
603103
948847
843079
574493
702011
756799
833099
746869
834991
592099
594469
720133
675817
992113
596779
600961
928619
637229
587267
1025419
839873
639577
544549
594977
953399
746507
818099
825229
836189
800123
594427
1033387
860819
580747
632773
824801
683783
891797
864509
660901
617951
718931
728333
942031
555671
918139
929647
850781
628841
738421
763999
997897
546361
875317
801061
824699
538621
820649
912103
689237
747953
661517
1031399
702349
609503
819367
572749
920209
780379
900001
924841
665801
892169
951997
1035763
577639
749401
977437
552353
839221
1033751
883217
639143
753497
893219
623591
896717
537749
829211
604481
617579
915199
870983
890063
955441
740737
723109
735239
961811
527291
921779
939347
814139
777769
879817
890609
965773
760229
976537
638819
585113
1010957
740351
748249
652121
895277
832457
924359
848843
709201
972683
680587
987997
1038391
680399
814129
646397
798331
645907
533003
675553
629567
806447
783613
577123
588079
768979
713117
1036411
1027751
948089
609913
955693
805289
838483
722291
864883
610217
581909
920443
791561
603023
751609
703789
714443
883451
606607
721117
757579
952541
1002433
599143
688297
529343
768811
953929
791851
636107
583007
725009
852559
706373
846499
904261
807383
971903
628193
777313
722611
974773
958459
959867
646571
532163
738811
962671
889829
944963
722063
551713
536227
907549
653693
630127
828941
904733
981139
538751
570743
923917
765773
949021
798613
594961
784009
599069
940201
718547
762571
779507
696433
665983
974879
937459
850853
1017851
710887
849917
618287
772703
644569
632323
806027
1015067
946459
730237
637349
901811
786901
801883
536849
552493
1041737
700537
897517
743251
1020707
752933
606059
803987
1022869
624251
770353
959867
648629
642737
903449
879227
906197
934259
841237
731447
716531
596461
956269
725393
729601
925349
701719
703673
841237
853007
643043
619693
662401
685991
712819
804833
693179
552103
613633
912539
804511
1036951
906749
944893
807077
991889
733981
704947
550111
976307
591751
722807
879247
560393
800783
675347
893929
1009301
949021
897461
833747
842969
934399
801277
618979
633833
740951
587539
697019
727733
560171
909217
700751
646433
808369
778319
735271
806941
672823
684961
751909
611939
748217
800599
894281
530897
615103
924779
834497
840923
829453
840911
578917
756323
875491
653503
959831
559297
984359
812939
932947
787793
1007519
840277
857411
863539
602873
981713
848651
853823
799333
994319
624517
995719
656519
993683
554767
1030429
861979
555557
591757
650987
948149
957037
823967
833219
887017
694339
713861
867319
698543
647303
768751
701179
605261
767399
607837
946021
1019129
577279
552127
945961
963559
624049
545117
736469
738713
672377
908287
1041577
1012481
898561
811957
535943
725111
857707
550939
1045549
565937
802909
897373
575699
601889
1036799
764627
874567
590437
743669
673397
575251
810881
537703
675347
853547
859423
1045547
556651
659231
802909
836509
1047271
564523
981811
821101
578839
913103
805297
1027783
799453
893549
879103
944893
813577
801001
824977
561983
940879
800011
793537
678401
616537
886819
988321
599537
593519
644383
907237
558563
551809
663827
942269